muscle10.5##BLOCKS= 1          
Group:	Samples	1
Sample	Wells	Pathlength	OD260	OD230	OD280	Conc	AvgConc	260/280	Avg Ratio	260/230	Avg Ratio
Sa01	A1	0.56	0.209	0.354	0.186	10.5	17.3	1.13	1.58	0.593	1.154
	B1	0.56	0.130	0.141	0.074	6.5		1.76		0.924	
	C1	0.54	0.349	0.256	0.206	17.5		1.70		1.367	
	D1	0.49	0.728	0.540	0.435	36.4		1.68		1.350	
	E1	0.54	0.188	0.198	0.152	9.4		1.24		0.950	
	G1	0.53	0.179	0.212	0.128	8.9		1.39		0.841	
	H1	0.56	0.636	0.310	0.289	31.8		2.20		2.054	
Sa02	A2	0.53	0.527	0.567	0.418	26.4	12.8	1.26	1.32	0.930	1.099
	B2	0.49	0.721	0.750	0.514	36.0		1.40		0.961	
	C2	0.51	0.316	0.423	0.249	15.8		1.27		0.748	
	D2	0.55	0.033	0.028	0.027	1.7		1.23		1.182	
	E2	0.55	0.096	0.095	0.081	4.8		1.18		1.013	
	F2	0.57	0.134	0.062	0.074	6.7		1.80		2.161	
	G2	0.54	0.052	0.048	0.042	2.6		1.24		1.084	
	H2	0.56	0.162	0.228	0.140	8.1		1.16		0.711	
Sa03	A3	0.53	0.867	0.972	0.671	43.3	210.7	1.29	2.50	0.892	1.359
	B3	0.55	0.093	0.158	0.064	4.7		1.46		0.591	
	C3	0.55	0.240	0.317	0.193	12.0		1.24		0.757	
	D3	0.55	6.973	5.292	2.080	348.7		3.35		1.318	
	E3	0.55	6.487	3.035	1.844	324.4		3.52		2.138	
	F3	0.57	6.965	6.575	2.203	348.3		3.16		1.059	
	G3	0.26	6.266	3.131	2.623	313.3		2.39		2.001	
	H3	0.56	5.816	2.752	1.637	290.8		3.55		2.113	
Sa04	A4	0.51	7.601	6.859	2.098	380.1	274.7	3.62	3.12	1.108	1.690
	B4	0.55	6.848	4.105	1.844	342.4		3.71		1.668	
	C4	0.53	3.260	1.582	1.291	163.0		2.53		2.061	
	D4	0.54	7.248	6.858	2.411	362.4		3.01		1.057	
	E4	0.54	5.230	2.287	1.609	261.5		3.25		2.287	
	F4	0.54	5.094	2.206	1.585	254.7		3.21		2.309	
	G4	0.54	7.248	6.858	2.155	362.4		3.36		1.057	
	H4	0.57	1.429	0.724	0.628	71.4		2.28		1.974	
Sa05	A5	0.56	6.636	3.806	1.716	331.8	327.9	3.87	3.52	1.744	1.698
	B5	0.54	7.026	4.761	1.906	351.3		3.69		1.476	
	C5	0.55	6.630	3.468	1.831	331.5		3.62		1.911	
	D5	0.55	6.666	3.497	1.831	333.3		3.64		1.906	
	E5	0.55	7.161	6.771	2.331	358.0		3.07		1.058	
	F5	0.55	7.101	4.995	2.146	355.0		3.31		1.422	
	G5	0.56	6.666	3.653	1.798	333.3		3.71		1.825	
	H5	0.57	4.579	2.043	1.409	228.9		3.25		2.241	
Sa06	A6	0.56	5.111	2.341	1.424	255.6	280.7	3.59	3.47	2.183	1.995
	B6	0.55	5.824	2.761	1.587	291.2		3.67		2.109	
	C6	0.56	6.467	3.311	1.773	323.3		3.65		1.953	
	D6	0.55	6.920	4.210	1.969	346.0		3.51		1.644	
	E6	0.56	2.182	0.975	0.899	109.1		2.43		2.237	
	F6	0.56	6.374	3.290	1.786	318.7		3.57		1.938	
	G6	0.56	5.504	2.490	1.563	275.2		3.52		2.210	
	H6	0.56	6.537	3.867	1.693	326.8		3.86		1.690	
Sa07	A7	0.56	5.569	2.532	1.468	278.4	283.7	3.79	3.44	2.200	1.926
	B7	0.56	5.123	2.350	1.461	256.2		3.51		2.180	
	C7	0.56	3.045	1.327	1.120	152.2		2.72		2.295	
	D7	0.56	6.913	5.218	1.997	345.7		3.46		1.325	
	E7	0.55	6.815	4.194	1.933	340.8		3.53		1.625	
	F7	0.55	6.423	3.195	1.783	321.1		3.60		2.010	
	G7	0.54	7.018	4.835	1.997	350.9		3.51		1.452	
	H7	0.57	4.483	1.934	1.330	224.2		3.37		2.318	
Sa08	A8	0.48	8.226	6.756	2.648	411.3	268.8	3.11	3.10	1.218	1.708
	B8	0.56	6.642	3.966	1.760	332.1		3.77		1.675	
	C8	0.56	6.876	5.940	1.975	343.8		3.48		1.158	
	D8	0.55	5.330	2.420	1.657	266.5		3.22		2.202	
	E8	0.55	6.360	3.107	1.795	318.0		3.54		2.047	
	F8	0.55	6.349	2.960	1.788	317.4		3.55		2.145	
	G8	0.57	3.135	1.375	1.086	156.7		2.89		2.281	
	H8	0.56	0.097	0.103	0.077	4.8		1.25		0.943	
Sa09	A9	0.53	0.463	0.457	0.314	23.2	22.8	1.48	1.43	1.013	1.040
	B9	0.56	0.085	0.154	0.062	4.3		1.38		0.554	
	C9	0.56	0.160	0.119	0.094	8.0		1.70		1.344	
	D9	0.53	0.392	0.280	0.244	19.6		1.60		1.398	
	E9	0.53	0.290	0.250	0.189	14.5		1.53		1.161	
	F9	0.53	0.581	0.834	0.506	29.0		1.15		0.696	
	G9	0.57	1.218	1.189	1.129	60.9		1.08		1.024	
	H9	0.54	0.460	0.407	0.304	23.0		1.52		1.131	
Sa10	A10	0.59	0.172	0.198	0.168	8.6	17.3	1.03	1.70	0.872	1.346
	B10	0.57	0.107	0.138	0.062	5.4		1.73		0.780	
	C10	0.57	0.267	0.166	0.142	13.4		1.88		1.608	
	D10	0.55	0.478	0.255	0.231	23.9		2.07		1.873	
	E10	0.55	0.256	0.202	0.154	12.8		1.66		1.267	
	F10	0.53	0.336	0.348	0.255	16.8		1.32		0.966	
	G10	0.58	0.191	0.129	0.108	9.5		1.76		1.484	
	H10	0.56	0.961	0.502	0.447	48.0		2.15		1.915	
Sa11	A11	0.52	0.395	0.453	0.324	19.8	19.8	1.22	1.22	0.872	0.872

Concentration Factor =  50.0

 

 

 

~End
Original Filename: Data 10-13-16.pda   Date Last Saved: 13.10.2016
