##BLOCKS= 1          
Group:	Samples	1
Sample	Wells	Pathlength	OD260	OD230	OD280	Conc	AvgConc	260/280	Avg Ratio	260/230	Avg Ratio
Sa01	A1	0.51	6.599	4.261	2.096	330.0	256.8	3.15	3.17	1.549	2.081
	B1	0.56	4.840	2.138	1.479	242.0		3.27		2.264	
	C1	0.56	3.148	1.458	1.236	157.4		2.55		2.159	
	D1	0.55	3.769	1.617	1.290	188.5		2.92		2.332	
	E1	0.55	5.467	2.423	1.629	273.4		3.36		2.256	
	F1	0.52	6.850	3.578	2.026	342.5		3.38		1.915	
	G1	0.55	6.714	3.591	1.822	335.7		3.68		1.870	
	H1	0.57	3.708	1.608	1.202	185.4		3.08		2.306	
Sa02	A2	0.58	2.882	1.376	1.108	144.1	195.2	2.60	2.86	2.095	1.994
	B2	0.55	6.662	3.623	1.810	333.1		3.68		1.839	
	C2	0.54	4.930	2.309	1.616	246.5		3.05		2.135	
	D2	0.55	1.576	0.755	0.726	78.8		2.17		2.087	
	E2	0.54	7.012	3.733	1.971	350.6		3.56		1.878	
	F2	0.56	0.938	0.444	0.453	46.9		2.07		2.114	
	G2	0.55	7.055	3.312	1.803	352.7		3.91		2.130	
	H2	0.54	0.170	0.102	0.094	8.5		1.82		1.672	
Sa03	A3	0.56	2.980	1.357	1.061	149.0	165.2	2.81	2.80	2.197	2.192
	B3	0.56	3.953	1.691	1.252	197.6		3.16		2.338	
	C3	0.55	0.901	0.462	0.432	45.1		2.09		1.952	
	D3	0.54	2.298	1.023	0.911	114.9		2.52		2.246	
	E3	0.56	3.992	1.716	1.336	199.6		2.99		2.326	
	F3	0.57	6.275	3.076	1.729	313.7		3.63		2.040	
	G3	0.56	2.347	1.012	0.899	117.4		2.61		2.319	
	H3	0.45	3.687	1.740	1.416	184.3		2.60		2.119	
Sa04	A4	0.57	1.180	0.641	0.559	59.0	105.0	2.11	2.47	1.842	2.073
	B4	0.56	3.022	1.311	1.064	151.1		2.84		2.305	
Sa06	A6	0.57	0.040	0.045	0.035	2.0	23.9	1.14	1.50	0.880	1.179
	B6	0.56	0.682	0.401	0.341	34.1		2.00		1.701	
	C6	0.44	1.981	2.247	1.376	99.1		1.44		0.882	
	D6	0.54	0.051	0.072	0.042	2.6		1.22		0.710	
	E6	0.54	0.209	0.349	0.153	10.5		1.37		0.599	
	F6	0.59	0.216	0.118	0.117	10.8		1.84		1.827	
	G6	0.56	0.555	0.313	0.273	27.8		2.04		1.774	
	H6	0.56	0.094	0.088	0.099	4.7		0.94		1.059	
Sa07	A7	0.54	0.659	0.452	0.347	33.0	22.9	1.90	1.92	1.457	1.720
	B7	0.56	0.087	0.081	0.062	4.4		1.42		1.080	
	C7	0.55	0.161	0.094	0.084	8.0		1.90		1.713	
	D7	0.55	0.906	0.505	0.413	45.3		2.20		1.796	
	E7	0.55	0.885	0.407	0.410	44.3		2.16		2.174	
	G7	0.57	0.202	0.102	0.103	10.1		1.96		1.983	
	H7	0.57	0.299	0.163	0.158	15.0		1.89		1.836	
Sa08	A8	0.49	0.409	0.623	0.311	20.4	27.3	1.31	1.68	0.657	1.275
	B8	0.55	0.506	0.303	0.243	25.3		2.08		1.674	
	C8	0.55	0.115	0.182	0.102	5.8		1.13		0.634	
	D8	0.55	1.187	0.650	0.596	59.3		1.99		1.825	
	E8	0.55	0.509	0.321	0.267	25.4		1.90		1.584	

Concentration Factor =  50.0

 

 

 

~End
Original Filename: Data 10-12-16-144926.pda   Date Last Saved: 12.10.2016
