##BLOCKS= 1          
Group:	Samples	1
Sample	Wells	Pathlength	OD260	OD230	OD280	Conc	AvgConc	260/280	Avg Ratio	260/230	Avg Ratio
Sa01	A1	0.49	1.778	0.852	0.777	88.9	120.1	2.29	2.62	2.087	2.303
	B1	0.55	4.722	2.020	1.396	236.1		3.38		2.337	
	C1	0.51	1.369	0.572	0.560	68.5		2.45		2.394	
	D1	0.53	1.802	0.782	0.732	90.1		2.46		2.304	
	E1	0.55	2.272	0.918	0.854	113.6		2.66		2.475	
	G1	0.54	2.819	1.256	1.074	140.9		2.63		2.244	
	H1	0.55	2.054	0.900	0.819	102.7		2.51		2.281	
Sa02	A2	0.53	2.261	0.926	0.827	113.1	136.0	2.74	2.73	2.443	2.418
	B2	0.57	0.867	0.310	0.355	43.4		2.44		2.802	
	C2	0.54	3.908	1.772	1.341	195.4		2.91		2.205	
	D2	0.55	2.762	1.130	1.011	138.1		2.73		2.444	
	E2	0.55	2.209	0.897	0.850	110.4		2.60		2.463	
	F2	0.55	3.237	1.335	1.145	161.9		2.83		2.425	
	G2	0.55	2.909	1.195	1.031	145.4		2.82		2.433	
	H2	0.54	3.610	1.696	1.286	180.5		2.81		2.129	
Sa03	A3	0.54	1.253	0.608	0.565	62.6	149.9	2.22	2.82	2.059	2.356
	B3	0.54	3.055	1.246	1.044	152.8		2.93		2.452	
	C3	0.55	1.824	0.729	0.701	91.2		2.60		2.503	
	D3	0.56	4.823	2.047	1.459	241.1		3.31		2.356	
	E3	0.53	1.555	0.630	0.628	77.7		2.48		2.466	
	F3	0.53	3.489	1.443	1.222	174.4		2.86		2.419	
	G3	0.55	2.553	1.057	0.896	127.6		2.85		2.414	
	H3	0.51	5.426	2.493	1.617	271.3		3.36		2.177	
Sa04	A4	0.52	0.184	0.133	0.114	9.2	54.1	1.61	1.26	1.384	0.845
	B4	0.58	-0.023	-0.072	-0.027	-1.1		0.84		0.311	
	C4	0.57	0.002	-0.048	-0.013	0.1		-0.18		-0.050	
	D4	0.55	-0.014	-0.062	-0.023	-0.7		0.61		0.229	
	E4	0.55	5.260	2.238	1.543	263.0		3.41		2.350	

Concentration Factor =  50.0

 

 

 

~End
Original Filename: Data 10-18-16-170735.pda   Date Last Saved: 18.10.2016
